    1.0 
29.47957450	0.00000000	0.00000000
0.00000000	10.37922696	0.00000000
0.00000000	0.00000000	10.37922696
----------------------------------------------------------------
0.3052500999          5.1889780500        -0.4373204000	 1
0.3052479905          0.0006360100        4.7522934800	 1
7.5258958339          5.2945504100        -0.0739640600	 1
7.5258970635          -0.1049367200        5.1156545600	 1
14.8230884745          5.2058172300        -0.0328355900	 1
14.8230895241          -0.0162056100        5.1567817500	 1
22.4093052762          5.1911190400        -0.0319307800	 1
22.4093052562          -0.0015054200        5.1576808600	 1
3.8424348370          0.0684410900        -0.2515637500	 1
3.8424443340          5.1211721200        4.9380480200	 1
10.9707527917          -0.0195555300        -0.0406483200	 1
10.9707574502          5.2091687100        5.1489765700	 1
18.6091371301          0.0032085700        -0.0630828000	 1
18.6091426084          5.1864057600        5.1265277500	 1
26.2241648676          0.0438114400        -0.1528856100	 1
26.2241721453          5.1458027600        5.0367280900	 1
0.3195667765          0.6065583100        0.2330990700	 1
0.3195644172          4.5830545900        5.4227130800	 1
7.4122559319          -0.5800411300        0.0283287100	 1
7.4122535327          5.7696553200        5.2179407900	 1
14.8099631423          0.1418114100        -0.0056927800	 1
14.8099675509          5.0478029800        5.1839185000	 1
22.4085162316          -0.1280693600        0.0031248200	 1
22.4085156418          5.3176832300        5.1927380200	 1
4.2652478992          2.0929987400        3.1852352400	 1
4.2652461398          3.0966139600        8.3748483000	 1
3.4152811297          7.2422649700        2.1573595500	 1
3.4152846785          8.3265757400        7.3469740000	 1
10.6668247540          2.3995523500        2.8608980300	 1
10.6668194157          2.7900701800        8.0505042100	 1
11.1543228417          7.5956550900        2.4652291500	 1
11.1543233915          7.9731769000        7.6548337600	 1
18.6904917408          2.6138795500        2.5834373100	 1
18.6904908311          2.5757344700        7.7730505600	 1
18.5385040696          7.8007757200        2.6201113400	 1
18.5385048793          7.7680644200        7.8097241500	 1
26.0288533776          2.5548180100        2.7054521700	 1
26.0288521080          2.6347948500        7.8950663000	 1
26.5569959313          7.7307287400        2.6197615100	 1
26.5569959913          7.8381119200        7.8093749100	 1
