    0.300711576257    5.189959600602   -0.437721875713   1
    0.300711264636   -0.000345380942    4.751891812583   1
    7.531010320654    5.289828491860   -0.072447533354   1
    7.531014485713   -0.100215687023    5.117169514613   1
   14.821039344771    5.204765262385   -0.034440980953   1
   14.821040058712   -0.015153015494    5.155174522952   1
   22.417814436509    5.192916137085   -0.035393590583   1
   22.417814519804   -0.003302319085    5.154220220500   1
    3.844167686542    0.067683828567   -0.253587905866   1
    3.844168152638    5.121929188115    4.936023346779   1
   10.973925843518   -0.024344849518   -0.034636110814   1
   10.973939590065    5.213957011530    5.154985183372   1
   18.614523584804    0.004533584662   -0.062840735459   1
   18.614523425748    5.185080315741    5.126770933456   1
   26.241670603690    0.045610238963   -0.152667929609   1
   26.241678743838    5.144004096049    5.036945811056   1
    0.322535046220    0.606243826604    0.235198155129   1
    0.322544159100    4.583368903673    5.424812337271   1
    7.413043435073   -0.587823542248    0.024281293513   1
    7.413026591610    5.777438122397    5.213894117792   1
   14.813491245361    0.147859995819   -0.005142873228   1
   14.813501093458    5.041753922810    5.184468598692   1
   22.411313275519   -0.128774894915    0.001710254138   1
   22.411309262346    5.318388884962    5.191324025104   1
    4.267884123469    2.090680612466    3.193870020013   1
    4.267882242788    3.098930843719    8.383484277531   1
    3.409342029177    7.240878666749    2.154517953200   1
    3.409343001096    8.327963852545    7.344133345413   1
   10.670518390055    2.431842539972    2.831707992795   1
   10.670516264801    2.757778823509    8.021315710705   1
   11.163068758876    7.621248906352    2.487867726493   1
   11.163068984802    7.947585611003    7.677473703185   1
   18.691476056507    2.613188435788    2.582578064905   1
   18.691475227036    2.576423236800    7.772193619272   1
   18.537419190670    7.800908714965    2.619210695227   1
   18.537419552181    7.767933494098    7.808825825818   1
   26.041828497677    2.551029951506    2.713648604169   1
   26.041827534009    2.638582723766    7.903262808559   1
   26.577114875833    7.721748041025    2.616398009825   1
   26.577114350531    7.847092637886    7.806011606182   1
