192    64    64                       NR1    NR2      NR3
 60   4.0   4                    ECUT   DUAL     IXC(1=LDA,2=GGA)
4     320   16    1             NSP    NEL  NKPT
160
160*2.0
.f. 10.0 3.0 1.0 0.0  TJELL ZJ RSJ SIGJ
-0.25000000000000    0.12500000000000    0.12500000000000  0.06250
-0.25000000000000    0.37500000000000    0.12500000000000  0.06250
-0.25000000000000   -0.37500000000000    0.12500000000000  0.06250
-0.25000000000000   -0.12500000000000    0.12500000000000  0.06250
-0.25000000000000    0.12500000000000    0.37500000000000  0.06250
-0.25000000000000    0.37500000000000    0.37500000000000  0.06250
-0.25000000000000   -0.37500000000000    0.37500000000000  0.06250
-0.25000000000000   -0.12500000000000    0.37500000000000  0.06250
 0.25000000000000    0.12500000000000    0.12500000000000  0.06250
 0.25000000000000    0.37500000000000    0.12500000000000  0.06250
 0.25000000000000   -0.37500000000000    0.12500000000000  0.06250
 0.25000000000000   -0.12500000000000    0.12500000000000  0.06250
 0.25000000000000    0.12500000000000    0.37500000000000  0.06250
 0.25000000000000    0.37500000000000    0.37500000000000  0.06250
 0.25000000000000   -0.37500000000000    0.37500000000000  0.06250
 0.25000000000000   -0.12500000000000    0.37500000000000  0.06250
1    4     10.0 1.6 0.3    6.0  1  2  0     0 1024 16   'Ca' 0.0
2    4     10.0 1.6 0.3    6.0  1  2  0     0 1024 16   'Ba' 0.0
3    8     12.0 1.6 0.3    6.0  1  2  0     0 1024 16   'Ti' 0.0
4    24    6.0  1.6 0.2    6.0  1  1  0     0 1024 16   'OO' 0.0
           1  0  0   0  1  0   0  0  1
              0.000000000000000     0.000000000000000     0.000000000000000
